ALLIN1951R   59   20  279  362  470 1551 2543 2075 1218  795  339    9
ALLIN1952R   22  114  153  273  646 1617 2765 2367 1178  811   63  180
ALLIN1953R  192   43  101  273  365 1563 3000 2868 1797  932  137   18
ALLIN1954R  128  162  118  197  442 1381 2837 2229 2405  797   18  134
ALLIN1955R  155   28  125  284  659 1797 2239 3039 2225 1451  315  106
ALLIN1956R   85   71  162  226  869 2079 3415 2537 1800 1524  484   89
ALLIN1957R  244   69  260  191  494 1453 2619 2603 1210  596  260   65
ALLIN1958R   70  106   97  281  602 1151 2899 2700 2141 1020  350   49
ALLIN1959R  203  102   96  227  584 1572 3211 2501 2156 1333  214   43
ALLIN1960R   89   11  232  130  554 1460 2776 2502 1657  760  391   50
ALLIN1961R  165  245  163  175  675 1870 3162 2737 2432 1257  186   70
ALLIN1962R   91  110  115  345  581 1059 2593 2362 2082  844  152  287
ALLIN1963R   73   51  141  321  471 1524 2396 3029 1628  988  228  100
ALLIN1964R   14   57   83  248  437 1437 3130 2636 2021  733  257   65
ALLIN1965R   55   92  149  243  346 1104 2668 1893 1427  362  158  221
ALLIN1966R  147   52   51  161  520 1658 2375 1982 1384  580  611  178
ALLIN1967R   92   27  527  225  333 1414 2924 2573 1688  420  131  496
ALLIN1968R  150  121  201  269  316 1364 2886 1947 1348  703  238   70
ALLIN1969R   40   28   95  241  557 1210 3004 2387 1709  596  438  139
ALLIN1970R  169  207  184  240  580 2108 2228 2989 2072  762  194    8
ALLIN1971R  114  103   93  460  701 2194 2493 2588 1592 1052  138  100
ALLIN1972R   25  131   48  205  448 1226 1838 2172 1292  633  308  160
ALLIN1973R   46  119   78  195  488 1412 2786 3074 1860 1259  196  178
ALLIN1974R   19   38  139  222  606 1059 2736 2281 1403 1065  119   42
ALLIN1975R   67   95  137  164  405 1801 2900 2646 2278 1217  250   27
ALLIN1976R   47   81  125  298  367 1418 2881 2786 1481  319  616   40
ALLIN1977R   70   57   84  489  719 1883 3106 2394 1447  893  714   85
ALLIN1978R   73  216  195  233  503 1996 2760 2735 1601  551  441  230
ALLIN1979R  146  272   99  157  405 1434 2258 1990 1395  461  883  120
ALLIN1980R   44   53  169  245  440 2150 2782 2534 1360  518  242  178
ALLIN1981R  163   73  247  275  583 1386 2889 2263 1983  509  292  128
ALLIN1982R  167  110  249  365  504 1296 2162 2684 1209  487  504   56
ALLIN1983R   73  106  126  353  549 1378 2737 2934 2507  899  122  262
ALLIN1984R  161  266  122  279  390 1738 2612 2591 1424  601  132   78
ALLIN1985R  171   69   96  236  439 1404 2534 2185 1474 1138  193  131
ALLIN1986R  147  280   75  310  435 1776 2384 2135 1134  706  386  169
ALLIN1987R  113   93  166  216  448 1158 2068 2370 1374  866  541  234
ALLIN1988R   25  111  188  319  502 1564 3232 2762 2056  501  225  102
ALLIN1989R   61   38  191  166  426 1835 2862 2310 1658  485  149  121
ALLIN1990R   51  256  237  299 1077 1721 2630 2833 1900 1007  334   88
ALLIN1991R   79   76  123  282  440 1795 2538 2311 1208  604  347  124
ALLIN1992R   62   94   48  150  449 1255 2329 2699 1565  631  487   69
ALLIN1993R   34  145  178  255  587 1836 2804 1985 2041  907  290  219
ALLIN1994R  131  198  130  392  403 2173 3215 2695 1444  896  332   36
ALLIN1995R  269  122  165  190  848 1285 2741 2324 1652  844  384   58
ALLIN1996R  131  176  131  262  422 1889 2440 2755 1502  953  162  158
ALLIN1997R  104   42  146  421  421 1811 2596 2631 1676  745  596  565
ALLIN1998R  140  149  257  275  451 1511 2566 2419 2097 1168  492  107
ALLIN1999R   41  115   30  148  950 1767 2472 2128 1852 1233  169   38
ALLIN2000R   54  252   76  292  810 1875 2490 2094 1323  426  134   71
ALLIN2001R   48   63  118  399  620 2305 2625 1887 1117 1130  222   65
ALLIN2002R  110  185  107  284  581 1726 1176 2391 1326  651  237   50
ALLIN2003R   47  273  180  275  305 1637 2847 2229 1782 1020  162  128
ALLIN2004R  131   38   57  452  825 1640 2195 2325 1287  898  168   18
ALLIN2005R  157  137  244  333  432 1477 3193 1832 2066 1163  277  100
ALLIN2006R   16   30  281  270  772 1579 2789 2704 1627  674  353   32
ALLIN2007R    9  352  128  315  470 1995 2781 2478 2096  585  183  105
ALLIN2008R  115  128  426  245  443 2163 2454 2506 1747  576  319   61
ALLIN2009R   24   16   87  130  510  782 2711 1798 1385  718  593  110
ALLIN2010R   60   54   79  279  551 1305 2805 2462 1884  693  693  211
ALLIN2011R   20  136   99  328  478 1923 2319 2684 1883  378  222   48
ALLIN2012R  174   31   33  347  235 1123 2438 2410 1836  575  381   55
ALLIN2013R   47  308   83  267  478 2270 3077 2351 1531 1339  137   42
ALLIN2014R  133  233  211  134  648  908 2564 2190 1702  618  150   99
